1712493
1713222
1713369
1713383
1713443
1714187
1714263
1714392
1714709
1714879
1714887
1714956
1715137
1715499
1715696
1716090
1716197
1716209
1716409
1716416
1716586
1716610
1716737
1716826
1717606
1717613
1717870
1718570
1720058
1720108
1720678
1720799
1720864
1721126
1721176
1721182
1722054
1722932
1722949
1722996
1723165
1724230
1724235
1724253
1724340
1725695
1726310
1726439
1726886
1726952
1726967
1726982
1727117
1727378
1727550
1727823
1727989
1729212
1729971
1730073
1730371
1730503
1730695
1730698
1730822
1731143
1731160
1731293
1731400
1731412
1731551
1731704
1731801
1732344
1732602
1732952
1732976
1733092
1734108
1735526
1735808
1735973
1736162
1736170
1736262
1737912
1738354
1738973
1739221
1739371
1739981
1740437
1741587
1741715
1741930
1742266
1742356
1742558
1742983
1743808
